P3
2277 074
255
02
2P2
20					27 073
255
0 074
255
025
22,7073
			0						54
0/														0	4¬
0/										073
254¬
0/														0						13 073
255
0 074
255
02
5
22,7 255
02
227 073
255/
0$073
25]5
22,7073
			0			073
											0							254¬
0/									0					74
0/														0			073
27 073
254¬
0/														0														0					54
0/																				0							254¬
3
254¬
0/									0					54
0/			25›072
2
255ª
255
0 073
25]5
22,7 255
02
227 072
 074
255
02
5
22,													0			4¬
0/														0														0					54
0/														0			073
27 073
254¬
0/														0							254¬
3
254¨
0/									0					54
0/			25›072
2
255ª
255
0 073
25]5
22,7 255
02
227 072
 074
255
02
5
22,7 255
											0			073
27 073
254¬
0/														0							214¬
0/									0					54
0/														0	
		036
27 073
254¬
0/												0				54
0/														0	
		073
27 073
254¬
0/																							0			073
27 073
254¬
0/	0			073
22=u
0-8-y›