P3
2
4523Æ
255
55

2	4¬
0/									0					54
0/					5
55

2	4¬
0/									0					254¬
0/											3
22=5
0							0					540/														0			073
27 073
254¬
0/											0									0			073
22=5
0							0							0					54
0/		
0/														0			073
27 2=5
0							0					54
0/														0			073
27 073
254¬
0/														0									7 073
254¬
0/									0					54
0/																254¬
0/									0					54
0									0			073
27 073
254¬
0/														0									0			073
22=5
0							0					54
0/			0			073
27 073
254¬
0/													0			073
22=5
0							0					0			077
22=5
0							0					54
0/														0			073
27 073
254¬
0/													0		73
22=5
0							0					54			0			073
22=50
							0					54
0/														0			073
27 073
254¬
0/													0			073
22=5(
0							0					0			077
22=5
0							0					54
0/														0			073
27 073
254¬
0/													0			073
22=5
0							0					5			0				0					0			077
22=5
0							0					54
0/														0			073
27 073
254¬
0/													0		73
22=5
0							0					54			0			073
22=5
0							0					54
0/														0			073
27 073
254¬
0/													0			073
22=5
0							0					0			077
22=5
0							0					54
0/														0			073
27 073
254¬
0/													0			073
22=5
0							0					5			0									7 073
2	54
0/27 073
254¬
												0			073
22=5
0							0					0			077
22=5
0							0					54
0/														0			073
27 073
254¬
0/													0			073
22=													0			073
27 073
254¬
0/														0									0			073
22=5
0					0			073
22				0									0			073
22=5
0							0					54
0/														0			0ÿ3
27 073
254¬
0/													0			073
22=5
0							0					0			077
22=5
0							0					54
0/								22=5
0							0					0			077
22=5
0				0			0					54
0/									0			073
27 073
254¬
0/													0			073
22=5
0							0					5			0									7 073
		54
0/														0			073
27 073
254¬
0/														0					54
0/														0			0ÿ3
27 073
254¬
0/													0			073
22=5
0						
77
22=5
0							0					54
0/														0			073
27 073			0			077
22=5
0							0					54
0/														0			073
27 073
254¬
0/													0			073
22=5(
0							0					0			077
22=5
0							0					54
0/														0			073
27 073
254¬
0/													0			073
22=5
0							0					5			0				0					0			077
22=5
0							0					54
0/														0			073
27 073
254¬
0/													0		73
22=5
0							0					54			0			073
22=5
0								0					0			077
22=5
0							0					54
0/			0			073
27 073
254¬
0/													0			073
22=5
0							0					5			0									7 073
2	54
0/27 073
254¬
												0			073
22=5
0							0					0			077
22=5
0							0					54
0/														0			073
27 073
254¬
0/													0			073
22=													0			073
27 073
254¬
0/														0							0			073
22=5
0					0			073
22				0									0			073
22=5
0							0					54
0/														0			0ÿ3
27 073
254¬
0/													0			07322=5
0							0					0			077
22=5
0							0					54
0/								22=5
0							0					0			077
22=5
0				0			0					54
0/									0			073
27 073
254¬
0/													0			073
22=5
0							0					5			0									7 073
		54
0/														0			073
27 073
254¬
0/														0					54
0/														0			0ÿ3
27 073
254¬
0/													0			073
22=5
0	22=5
0							0					54
0/														0			073
27 073			0			077
22=5
0							0					54
0/														0			073
27 073
254¬
0/													0			073
22=5(
0							0					0			077
22=5
0							0					54
0/														0			073
27 073
254¬
0/													0			073
22=5
0							0					5			0				0					0			077
22=5
0							0					54
0/														0			073
27 073
254¬
0/													0		73
22=5
0							0					54			0			073
22=5
0							0					54
0/														0			073
27 073
254¬
0/													0			073
22=5
0							0					0			077
22=5
0							0					54
0/														0			073
27 073
254¬
0/													0			073
22=5
0							0										7 073
2	54
0/27 073
254¬
												0			073
22=5
0							0					0			077
22=5
0							0‰				54
0/																		0			073
27 073
254¬
0/													0			073
22=5(
0							0					0		73
2		0					54
0/																	0			073
27 0			073
22=5
0							0					540/														0			073
27 073
254¬
0/											0									0			073
22=5
0							0			2=5
0							0					54
0/														0			073
27 073
254