P3
2
452 10739
#
7 073
254¬
0/		0								0				 10739
#
7 073
254¬
0/		0								0									0			073

5[5[5
5#

	0
5[1
2	4¬0P		0					0				0A73
5[5
5#

	0
5[1
2	4¬4P22;5
5
0					0				0A73
5[5
5#

	0
5[1
2	4¬4P22$5
5

2	480!4ù2ÿ0*07 0¬0P22$5
5

2	
5

2	480!4ù2ÿ0*07 0¬0P22$5
5

2	480!4ø05
5
5?02ÿ0
		0				0A73
5[5
5#

	0
5[		0					0				0A73
5[5
5#

	0
5[1
2	4¬4P22$5
5

2	480!4ù2ÿ0*07 0¬0P22$5
5

2	480!4ø05
5
5?02ÿ0
		0/		0								0									0			073

5[5[5
5#

	0
5[1
2	4¬0P		0					0				0A73
5[5
5#

	0
5[1
2	4¬4P22$5
5

2	480!4ù2ÿ0*07 0¬0P22$5
5

2	480!4ø05
5
5?02ÿ0
		0				0A73
5[5
5#

	0
5[1	0			073

5[5[5
5#

	0
5[1
2	4¬0P		0					0				0A73
55
5#

	0
5[1
2	4¬4P22$5
5

2	480!4ø05
5
5?02ÿ0
		00				0A73
5[5
5#

	0
5[1
2	4¬02P2$					0			073

5[5[5
5#

	0
5[1
2	4¬0P		0					0				0A73
5[5
5#

	0
5[1
2	4¬4P22$5
5#
7 073
254¬
0/		0								0									0			073

5[5[5
5#

	0
5[1
2	4¬0P		0					0				0A73
5[5
5#

	0
5[1
2	4¬4P22;5
5
0					0				0A73
5[5
5#

	0
5[1
2	4¬4P22$5
5

2	480!4ù2ÿ0*07 0¬0P22$5
5

2	480!4ø05
5
5?02ÿ0
		0	5#

	0
5[1
2	4¬0P		0					0				0A73
5[5
5Ã

	0
5[1
2			0				0A73
5[5
5#

	0
5[1	0			073

5[5[5
5#

	0
5[1
2	4¬0P		0					0				0A73
5[5
5#

	0
5[1
2	4¬4P22$5
5

2	480!4ù2ÿ0*07 0¬0P22$5
5

2	480!4ø05
5
5?02ÿ0
		0				0A73
5[5
5#

	0
5[		0					0				0A73
5[5
5#

	0
5[1
2	4¬4P22$5
5

2	480!4ù2ÿ0*07 0¬0P22$5
5

2	480!4ø05
5P2
1
255

255	3
5
6/4T0	2
0

5?02ÿ0
		0/		0								0									0			073

5[5[5
5#

	0
5[1
2	4¬0P		0					0				02=5?0.2~0/3
2A73
5[5
5#

	0
5[1
2	4¬4P

2	4		0A73
15[5
5#

	0
5[#

	0
5[1
2	4¬4P22$5
5

2	480!4ù2ÿ0*07 0¬0P22$5
5

2	480!4ø05
5
5?00P2
0/7
2
80?0.2~ 0/3
20P2
2ÿ0
		0				0A73
50/7
2
8y2ì5
5#

	0
5[1
2	4¬02P2$5

2 2 2 07