P3
2277 074
255
02
2P2
227 073
254¬
0/									0					54
0/														0			073
27 073
254¬
0/														0							254¬
0/									0					54
0/														0			073
27 073
254¬
0/														0							3
254¬
0/									0					54
0/														0			073
27 073
254¬
0/														0							254¬
0/									0					54			27 073
255
0 074
255
02
5
22,7 255
02
227 073
255/
0$073
25]5
22,7073
			0			073
											0							254¬
0/									0					54
0/														0			073
27 073
254¬
0/														0							3
254¬
0/									0					54
0/			25›072
2
255ª
255
0 073
25]5
22,7 255
02
227 072
 074
255
02
5
22,7 255
254¬
0/													0			073
22=5¢
0							0					54
0/														0			073
27 073
254¬
0/										0													7 073
254¬
0/														0			073
27 073
254¬
0/						54
0/														1			073
27 073
254¬
0/														0							3
254¬
0/									0					54
0/														0			073
27 073
254¬
0/														0							254¬
0/									0					54
0/														0			073
27 073
254¬
0
255
0 074
255
02
5
22,7 255
02
227 073
255/
0$073
25]5
22,7073		0			073
											0							254¬
0/									0					54
0/														0			073
27 073
254¬
0/														0							3
25		073
27 073
254¬
0/	0			073
22=5
0-8-y›