P3
2
452 10739
#
			073

5[5[5
5#

	0
5[1
2	4¬0P		0					0				0A73
5[5
5#

	0
5[1
2	4¬4P22$5
5

2	480!4ù2ÿ0*07 0¬0P22$5
5

2	485
5#

	0
5[1
2	4¬0P		0					0				0A73
5[5
5#

	0
5[1
2	4¬4P22$5
5

2	480!4ù2ÿ0*07 0¬0P22$5
5

2	480!4ø05
5
5?02ÿ0
		0				0A73
5[5
5#

	0
5[1
2	4¬02P2$					0			073

5[5[5
5#

	0
5[1
2	4¬0P		0					0				0A73
5[5
5#

	0
5[1
2	4¬4P22!4ù2ÿ0*07 0¬0P22$5
5

2	485!4ø05
5
5?02ÿ0
		0/		0								0									0			073

5[5[5
5#

	0
5[1
2	4¬0P		0					0				0A73
5[5
5#

	0
5[1
2	4¬4P22$5
5

2	480!4ù2ÿ0*07 0¬0P22$54ù2ÿ0*07 0¬0P22$5
5

2	480!4ø05
5
5?02ÿ0
		0				0A73
5[5
5#

	0
5[1	0			073

5[5[5
5#

	0
5[1
2	4¬0P		0					0				0A73
5[5
5#

	0
5[1
5?02ÿ0
		0				0A73
5[5
5#

	0
5[1
2	4¬02P2$					0			073

5[5[5
5#

	0
5[1
2	4¬0P		0					0		5
5#

	0
5[1
2	4¬4P22$5
5

2	480!4ù2ÿ0*07 0¬0P22$5
5

2	480!4ø05
5
5?02ÿ0
		0				0A73
5[5
5#

	0
5[1	0			073

5[5[5
5#

5#

	0
5[12	4¬4P220				0A73
5¢5
5#

	0
5[1
2	4¬0P		0					0				0A73
5[5
5#

	0
5[1
5?02ÿ0
		0				0A73
5[5
5#

	0
5[1
2	4¬00¬0P22$5
0				0A73
5[5
5#

	0
5[1
2	4¬02P2$5

2 2 2 07