P3
223
452 1073
25
223
452 10			0			073
27 0			073
22=5
0							0					54
0/														0			073
27 073
254¬
0/											0									0			073
22=5
0							0					54
027 074¬
0/														0							254¬
0/									0					54
0/														0			073
27 073
254¬
0/														0									0			073
											0							254¬
0/									0					54
0/														0					54
0/														0			073
27 073
254¬
0/											0									0			073
22=5
0							0					0/									0					54
0/														0			073
27 073
254¬
0/														0									0			073
											0			0			073
27 073
254¬
0/														0							214¬
0/									0					54
0/														0	
		073
27 073
254¬
0/												0																					0							254¬
5›072
2
255
274
255
02
5
22,7 255

732 07 1073
29ÿ732 07
255
22,2,7
22
227P3
2
452 1073
#255			073
27 073
254¬
0/													0							3
222,7073
25›072
2
255
274
255
02
5
22,7 255

772 07 1073
29ÿ732 07
255
22,2,7
22
227P3
2
452 1073
#255
255
22,
2 3
4ù9ÿ
255
02
5
22,7255
02
227 073
255/
0$073
25]5
22,7073
57 73
254¬
0/													0			073
22=5
0							0					54
0/														0			07												/									073
27 073/	0			073
22=5
0-8-y›